time_before_bound   iteration   lower_bound    upper_bound    duality_gap    time_after_bound
8.25287   0 0.36980500 1.59441326 1.22460825  11.4159
19.9999   1 0.59823356 0.99987965 0.40164608  23.1994
32.27   2 0.66672818 0.87768883 0.21096065  35.488
44.8467   3 0.70109366 0.84129009 0.14019643  48.0373
57.5941   4 0.72380662 0.81952982 0.09572320  60.8079
70.2906   5 0.74012744 0.81270202 0.07257458  73.4065
82.8544   6 0.75247757 0.80845230 0.05597473  86.0259
95.5937   7 0.76199685 0.80662914 0.04463229  98.7924
108.323   8 0.76967593 0.80464113 0.03496520  111.523
121.182   9 0.77555142 0.80344259 0.02789118  124.295
133.935   10 0.78023148 0.80224919 0.02201771  137.04
146.569   11 0.78410329 0.80247631 0.01837302  149.735
159.302   12 0.78714884 0.80132580 0.01417696  162.476
172.036   13 0.78950642 0.80102879 0.01152237  175.21
185.039   14 0.79131619 0.80076097 0.00944478  188.186
197.953   15 0.79268075 0.80020154 0.00752080  201.084
210.604   16 0.79362709 0.79964196 0.00601487  213.769
223.408   17 0.79426816 0.79905419 0.00478603  226.558
236.146   18 0.79472755 0.79861901 0.00389146  239.29
248.923   19 0.79503558 0.79802225 0.00298667  252.131
261.827   20 0.79525151 0.79775602 0.00250452  264.915
274.577   21 0.79539843 0.79751656 0.00211813  277.743
287.299   22 0.79550470 0.79737940 0.00187470  290.448
300.045   23 0.79558757 0.79728570 0.00169813  303.166
312.644   24 0.79565625 0.79722506 0.00156881  315.764
325.409   25 0.79571525 0.79718953 0.00147427  328.548
338.212   26 0.79576786 0.79707129 0.00130342  341.382
351.019   27 0.79581266 0.79699089 0.00117823  354.205
363.743   28 0.79585030 0.79702062 0.00117033  366.875
376.497   29 0.79588395 0.79693286 0.00104891  379.683
389.305   30 0.79591639 0.79693124 0.00101485  392.436
402.05   31 0.79594570 0.79691014 0.00096443  405.156
414.751   32 0.79597257 0.79683084 0.00085827  417.858
427.472   33 0.79599678 0.79677753 0.00078075  430.666
440.406   34 0.79601958 0.79673292 0.00071334  443.549
453.175   35 0.79604059 0.79671072 0.00067013  456.347
465.998   36 0.79605980 0.79667855 0.00061875  469.182
478.894   37 0.79607609 0.79667080 0.00059472  482.091
491.743   38 0.79609107 0.79674376 0.00065268  494.916
504.558   39 0.79610506 0.79671650 0.00061144  507.738
517.314   40 0.79611836 0.79676656 0.00064820  520.419
529.956   41 0.79613073 0.79676594 0.00063521  533.031
542.65   42 0.79614310 0.79675229 0.00060919  545.816
555.423   43 0.79615413 0.79671889 0.00056476  558.544
568.017   44 0.79616440 0.79665994 0.00049554  571.142
580.767   45 0.79617361 0.79664271 0.00046910  583.916
593.509   46 0.79618234 0.79660454 0.00042220  596.618
606.265   47 0.79619053 0.79654993 0.00035941  609.372
618.942   48 0.79619783 0.79649179 0.00029396  622.084
631.696   49 0.79620451 0.79646361 0.00025910  634.852
