time_before_bound   iteration   lower_bound    upper_bound    duality_gap    time_after_bound
13.221   0 0.37072764 1.68376026 1.31303262  16.5535
30.4467   1 0.59707561 1.04857904 0.45150343  33.6393
48.3046   2 0.66406463 0.92132423 0.25725960  51.7136
67.4216   3 0.69912202 0.85486298 0.15574096  70.7474
86.7679   4 0.72186766 0.82738639 0.10551873  90.2783
106.605   5 0.73853211 0.81515526 0.07662315  109.833
126.636   6 0.75102738 0.80804765 0.05702026  130.057
147.334   7 0.76085873 0.80440184 0.04354310  150.624
168.207   8 0.76874224 0.80221796 0.03347571  171.594
189.657   9 0.77506719 0.80068435 0.02561716  192.968
211.234   10 0.78017637 0.79986189 0.01968552  214.649
232.971   11 0.78415649 0.79902594 0.01486945  236.191
254.919   12 0.78735758 0.79841349 0.01105591  258.47
277.315   13 0.79004456 0.79814432 0.00809976  280.626
299.573   14 0.79204561 0.79785339 0.00580778  303.255
322.676   15 0.79350342 0.79762916 0.00412574  325.94
345.051   16 0.79456997 0.79742538 0.00285541  348.32
367.619   17 0.79528008 0.79716201 0.00188193  370.985
390.199   18 0.79573575 0.79691112 0.00117537  393.529
413.113   19 0.79598262 0.79676982 0.00078720  416.325
435.157   20 0.79612483 0.79667750 0.00055267  438.53
458.217   21 0.79619162 0.79656327 0.00037165  461.513
480.852   22 0.79622752 0.79650121 0.00027369  484.124
503.809   23 0.79624653 0.79647092 0.00022439  507.096
526.113   24 0.79625848 0.79644136 0.00018288  529.428
548.638   25 0.79626729 0.79642583 0.00015854  551.928
571.1   26 0.79627406 0.79641532 0.00014126  574.646
593.394   27 0.79627923 0.79640099 0.00012176  596.547
615.253   28 0.79628354 0.79638830 0.00010476  618.655
637.652   29 0.79628704 0.79637961 0.00009257  640.904
660.341   30 0.79628983 0.79636538 0.00007555  663.499
682.535   31 0.79629210 0.79635588 0.00006379  685.815
704.754   32 0.79629394 0.79634772 0.00005378  707.94
727.334   33 0.79629544 0.79634353 0.00004809  730.742
750.045   34 0.79629669 0.79634056 0.00004387  753.652
772.323   35 0.79629768 0.79633644 0.00003876  775.516
794.382   36 0.79629850 0.79633276 0.00003425  797.503
816.29   37 0.79629919 0.79633182 0.00003262  819.445
838.015   38 0.79629975 0.79633258 0.00003284  841.196
859.863   39 0.79630022 0.79633172 0.00003150  862.993
881.61   40 0.79630064 0.79632821 0.00002756  884.797
903.354   41 0.79630104 0.79632372 0.00002268  906.518
925.137   42 0.79630139 0.79632062 0.00001923  928.268
946.839   43 0.79630170 0.79631826 0.00001656  949.953
968.647   44 0.79630195 0.79631643 0.00001448  971.795
990.44   45 0.79630216 0.79631591 0.00001375  993.541
1012.15   46 0.79630233 0.79631519 0.00001286  1015.26
1033.8   47 0.79630248 0.79631496 0.00001248  1037
1055.54   48 0.79630261 0.79631411 0.00001150  1058.68
1077.24   49 0.79630272 0.79631307 0.00001035  1080.4
