time_before_bound   iteration   lower_bound    upper_bound    duality_gap    time_after_bound
3.88103   0 0.26278423 6.67452866 6.41174442  7.15928
11.1573   1 0.50396214 3.97812715 3.47416502  14.4441
18.4377   2 0.57213163 2.88021952 2.30808789  21.7295
25.7244   3 0.60838019 2.24740712 1.63902692  28.9938
32.9627   4 0.63125728 1.61062435 0.97936706  36.2701
40.1472   5 0.64788509 1.34286763 0.69498254  43.2483
47.0321   6 0.66074182 1.14862907 0.48788726  50.5651
54.5061   7 0.67128308 1.05850667 0.38722359  57.842
62.3164   8 0.68015759 0.99189819 0.31174059  65.7998
70.0507   9 0.68811164 0.97291535 0.28480371  73.5965
77.8134   10 0.69490404 0.96852416 0.27362012  81.3477
85.565   11 0.70082912 0.95750517 0.25667605  89.1517
93.375   12 0.70623997 0.94550503 0.23926506  96.8238
100.965   13 0.71084759 0.93521555 0.22436796  104.4
108.541   14 0.71503168 0.92332618 0.20829450  111.993
116.089   15 0.71881649 0.91629133 0.19747484  119.569
123.718   16 0.72226474 0.90229823 0.18003350  127.197
131.379   17 0.72566426 0.89280543 0.16714117  134.85
139.022   18 0.72898256 0.88730598 0.15832342  142.526
146.76   19 0.73189290 0.87902923 0.14713633  150.249
154.488   20 0.73448700 0.87105317 0.13656616  158.028
162.231   21 0.73693516 0.86710142 0.13016625  165.72
169.899   22 0.73924452 0.86145956 0.12221504  173.444
177.693   23 0.74156772 0.85700954 0.11544182  181.217
185.473   24 0.74375721 0.85147832 0.10772110  189.025
193.337   25 0.74585177 0.84780852 0.10195675  196.878
201.056   26 0.74771581 0.84319679 0.09548099  204.558
208.793   27 0.74937671 0.84109475 0.09171804  212.382
216.635   28 0.75092836 0.84084584 0.08991748  220.158
224.377   29 0.75237070 0.83732421 0.08495350  227.91
232.107   30 0.75370648 0.83716215 0.08345567  235.581
239.74   31 0.75493153 0.83577754 0.08084601  243.191
247.361   32 0.75612962 0.83437707 0.07824745  250.857
255.049   33 0.75726279 0.83357672 0.07631393  258.508
262.787   34 0.75833134 0.83236438 0.07403304  266.307
270.55   35 0.75930503 0.83170290 0.07239787  274.086
278.341   36 0.76025243 0.82933326 0.06908083  281.872
286.117   37 0.76119756 0.82780892 0.06661136  289.671
293.95   38 0.76208077 0.82609395 0.06401318  297.492
301.784   39 0.76293042 0.82424694 0.06131652  305.345
309.596   40 0.76373652 0.82243786 0.05870134  313.158
317.495   41 0.76456605 0.82176184 0.05719578  320.7
324.756   42 0.76534173 0.82048264 0.05514091  328.358
332.484   43 0.76609351 0.82024178 0.05414826  335.86
339.879   44 0.76683558 0.82006089 0.05322531  343.2
347.246   45 0.76751975 0.81912412 0.05160437  350.589
354.579   46 0.76818497 0.81866622 0.05048125  357.981
362.042   47 0.76882239 0.81702050 0.04819811  365.401
369.436   48 0.76942238 0.81725166 0.04782928  372.801
376.83   49 0.76998596 0.81581910 0.04583314  380.149
