time_before_bound   iteration   lower_bound    upper_bound    duality_gap    time_after_bound
20.9599   0 0.37086494 1.67085186 1.29998691  24.0641
46.8317   1 0.59776384 1.06595030 0.46818645  49.9495
74.3659   2 0.66447365 0.92486980 0.26039614  77.5364
102.987   3 0.69913359 0.85551383 0.15638024  106.178
131.584   4 0.72190808 0.82640920 0.10450112  134.58
160.804   5 0.73864453 0.81690354 0.07825901  163.809
191.834   6 0.75117277 0.80826365 0.05709088  194.975
223.97   7 0.76089884 0.80571908 0.04482024  227.078
256.686   8 0.76877630 0.80322740 0.03445110  259.836
290.145   9 0.77516141 0.80094683 0.02578542  293.241
324.203   10 0.78024544 0.80009487 0.01984943  327.272
358.732   11 0.78410773 0.79891854 0.01481081  361.908
393.886   12 0.78746193 0.79843513 0.01097320  397.038
429.475   13 0.79003492 0.79788623 0.00785131  432.611
465.695   14 0.79206155 0.79745126 0.00538971  468.809
501.603   15 0.79350064 0.79725919 0.00375855  504.726
537.822   16 0.79457986 0.79700002 0.00242017  540.893
574.978   17 0.79533658 0.79677594 0.00143935  578.101
612.537   18 0.79579658 0.79663554 0.00083897  615.705
650.372   19 0.79607073 0.79654916 0.00047844  653.473
688.342   20 0.79621104 0.79643796 0.00022691  691.5
726.484   21 0.79627154 0.79639518 0.00012364  729.64
764.613   22 0.79629338 0.79635616 0.00006278  767.685
802.763   23 0.79629904 0.79633402 0.00003498  805.955
841.088   24 0.79630077 0.79632651 0.00002574  844.296
879.47   25 0.79630160 0.79631991 0.00001831  882.531
917.762   26 0.79630211 0.79631669 0.00001458  920.911
956.066   27 0.79630245 0.79631641 0.00001396  959.231
994.402   28 0.79630269 0.79631378 0.00001110  997.493
1032.61   29 0.79630284 0.79631116 0.00000832  1035.75
1070.86   30 0.79630296 0.79630908 0.00000612  1074
1109.22   31 0.79630304 0.79630849 0.00000545  1112.39
1147.41   32 0.79630310 0.79630823 0.00000513  1150.53
1185.73   33 0.79630314 0.79630746 0.00000432  1188.86
1224.15   34 0.79630317 0.79630665 0.00000348  1227.31
1262.48   35 0.79630319 0.79630560 0.00000241  1265.63
1300.77   36 0.79630321 0.79630532 0.00000211  1303.95
1338.98   37 0.79630322 0.79630529 0.00000207  1342.14
1377.27   38 0.79630323 0.79630510 0.00000187  1380.47
1415.66   39 0.79630324 0.79630465 0.00000140  1418.81
1453.93   40 0.79630325 0.79630428 0.00000103  1457.1
1492.23   41 0.79630326 0.79630424 0.00000098  1495.34
1530.5   42 0.79630326 0.79630429 0.00000102  1533.66
1568.76   43 0.79630327 0.79630418 0.00000091  1571.88
1607.07   44 0.79630327 0.79630413 0.00000086  1610.26
1645.34   45 0.79630328 0.79630396 0.00000069  1648.45
1683.76   46 0.79630328 0.79630392 0.00000064  1686.87
1722.03   47 0.79630328 0.79630389 0.00000061  1725.16
1760.26   48 0.79630329 0.79630382 0.00000053  1763.4
1798.58   49 0.79630329 0.79630377 0.00000048  1801.74
