time_before_bound   iteration   lower_bound    upper_bound    duality_gap    time_after_bound
47.0036   0 0.37086552 1.67017214 1.29930662  50.1245
101.521   1 0.59757042 1.06477299 0.46720257  104.679
159.675   2 0.66424444 0.92209041 0.25784597  162.779
220.962   3 0.69904789 0.85602081 0.15697292  224.144
284.731   4 0.72180649 0.82980650 0.10800000  287.835
350.581   5 0.73846385 0.81605118 0.07758733  353.704
418.524   6 0.75093408 0.80999517 0.05906108  421.677
488.368   7 0.76076320 0.80527984 0.04451664  491.519
559.853   8 0.76863592 0.80307808 0.03444216  563.038
633.284   9 0.77495891 0.80145162 0.02649271  636.417
708.486   10 0.78011316 0.80010803 0.01999488  711.613
784.583   11 0.78417107 0.79921982 0.01504876  787.796
861.972   12 0.78743076 0.79845592 0.01102516  865.141
940.701   13 0.79000558 0.79804350 0.00803793  943.879
1020.83   14 0.79199169 0.79759132 0.00559963  1023.93
1101.39   15 0.79345136 0.79721111 0.00375975  1104.57
1183.01   16 0.79455694 0.79689751 0.00234057  1186.14
1265.72   17 0.79532443 0.79673828 0.00141385  1268.88
1348.92   18 0.79579174 0.79658025 0.00078851  1352.11
1432.89   19 0.79607291 0.79646967 0.00039677  1436.07
1517.14   20 0.79621536 0.79640051 0.00018515  1520.28
1601.54   21 0.79627862 0.79635769 0.00007908  1604.7
1686.35   22 0.79629823 0.79632705 0.00002883  1689.56
1771.17   23 0.79630266 0.79631135 0.00000868  1774.36
1856.23   24 0.79630307 0.79630676 0.00000369  1859.39
1941.36   25 0.79630316 0.79630543 0.00000228  1944.45
2026.62   26 0.79630320 0.79630446 0.00000126  2029.8
2111.8   27 0.79630323 0.79630433 0.00000110  2114.95
2196.88   28 0.79630325 0.79630401 0.00000076  2199.99
2281.9   29 0.79630326 0.79630390 0.00000064  2285.08
2366.99   30 0.79630327 0.79630374 0.00000047  2370.18
2452.05   31 0.79630328 0.79630373 0.00000045  2455.22
2537.04   32 0.79630329 0.79630373 0.00000045  2540.21
2622.22   33 0.79630329 0.79630364 0.00000034  2625.38
2707.16   34 0.79630330 0.79630362 0.00000032  2710.29
2792.06   35 0.79630331 0.79630357 0.00000026  2795.22
2877.3   36 0.79630331 0.79630359 0.00000028  2880.47
2962.39   37 0.79630331 0.79630356 0.00000024  2965.53
3047.26   38 0.79630332 0.79630358 0.00000026  3050.36
3132.5   39 0.79630332 0.79630358 0.00000026  3135.66
3217.68   40 0.79630332 0.79630354 0.00000021  3220.81
3302.62   41 0.79630333 0.79630354 0.00000021  3305.79
3387.71   42 0.79630333 0.79630355 0.00000022  3390.81
3472.87   43 0.79630333 0.79630352 0.00000019  3476
3557.89   44 0.79630333 0.79630350 0.00000017  3561.09
3642.84   45 0.79630333 0.79630350 0.00000017  3645.95
3727.86   46 0.79630334 0.79630350 0.00000016  3730.97
3812.91   47 0.79630334 0.79630351 0.00000018  3816.07
3897.79   48 0.79630334 0.79630349 0.00000015  3900.92
3982.89   49 0.79630334 0.79630349 0.00000015  3986.06
